{"mp": {"x8": [{"x": [0.0, 0.0, 0.0], "V": [3.11381671132908, 0.5480769351013107, 0.6445515241095103, 0.5480769351013107, 7.362186385538906, 0.8455553553435402, 0.6445515241095103, 0.8455553553435402, 0.29178458795688433]}, {"x": [0.2674358364068159, -0.044564811180442775, -0.424600754755924], "V": [4.560170557304613, 0.8372696586846952, 0.43500726245211424, 0.8372696586846952, 4.151316370743739, 0.14469304401619196, 0.43500726245211424, 0.14469304401619196, 0.08610443753358514]}, {"x": [0.4630542710517271, -0.5043484138531038, -1.9624594514703997], "V": [5.835750374905396, -1.7897807871623819, 0.23724736232718302, -1.7897807871623819, 7.478556645251552, -0.650191660381819, 0.23724736232718302, -0.650191660381819, 0.12231399629779174]}, {"x": [0.010000000000000009, -0.7600000000000001, -3.1315926535897938], "V": [15.28349364312983, 0.7284685914237465, -1.4276860304382515, 0.7284685914237465, 38.28887792085865, -3.9512206847402775, -1.4276860304382515, -3.9512206847402775, 1.9777087900048766]}], "x2": [{"x": [0.0, 0.0, 0.0], "V": [10.64800184953696, 1.1715528566347162e-12, -1.8361802275364675e-13, 1.1715528566347162e-12, 30.285279936125907, 1.5774579813973908, -1.8361802275364675e-13, 1.5774579813973908, 0.08216485266766861]}, {"x": [0.04799999800590909, -3.294654837491232e-16, -1.647327487181437e-14], "V": [11.079280373940891, 1.883278993782662e-12, 8.187301779356606e-13, 1.883278993782662e-12, 31.363418297168476, 4.467867534163489, 8.187301779356606e-13, 4.467867534163489, 2.4651808299328244]}, {"x": [0.14399999401772728, -4.231402793048366e-15, -6.427908392988654e-14], "V": [12.185423918509114, 2.1033831182276583e-12, 6.4104075786451e-13, 2.1033831182276583e-12, 34.496302029707245, 4.915745533602136, 6.4104075786451e-13, 4.915745533602136, 2.7627815665722086]}, {"x": [0.24, -1.1860231844383637e-14, -8.67468532151937e-14], "V": [13.53719434653585, 2.139824102175232e-12, 4.3922735452385645e-13, 2.139824102175232e-12, 38.31063931619165, 5.4376311599231135, 4.3922735452385645e-13, 5.4376311599231135, 3.128246713193375]}], "x3": [{"x": [0.0, -0.0, -0.0], "V": [10.441893931548616, -2.592776400033125, -0.6346937271129326, -2.592776400033125, 26.88827109109036, 0.8896107223432796, -0.6346937271129326, 0.8896107223432796, 0.05899800115348864]}, {"x": [0.09086498524682253, 0.0017662360159655405, 0.07654211046700168], "V": [11.771295244588744, -4.579918260612211, -1.7302755115963009, -4.579918260612211, 23.99462719487439, 2.4914656260327415, -1.7302755115963009, 2.4914656260327415, 0.8523538229333519]}, {"x": [0.3132423020197908, 0.06263548589103146, 0.41366533210504813], "V": [11.76334309773282, -4.363729759588663, -1.0965084719401819, -4.363729759588663, 23.61667269285659, 2.844192093420968, -1.0965084719401819, 2.844192093420968, 0.643684258894079]}, {"x": [0.5308701601850048, 0.1713432709499066, 0.4549756333464889], "V": [11.284964335495319, -2.6934104879752323, -0.2721673970232416, -2.6934104879752323, 24.825013932785208, 3.0015430748300815, -0.2721673970232416, 3.0015430748300815, 0.6536152290047017]}, {"x": [0.76, 0.24, 0.009999999999999926], "V": [11.941212897161652, 0.21642833756055976, 0.5459969775447461, 0.21642833756055976, 27.842287224699135, 1.318385726941261, 0.5459969775447461, 1.318385726941261, 0.23470180737598817]}], "x0": [{"x": [0.0, 0.0, 0.0], "V": [11.779577190913555, -4.539387342565288e-11, -1.6890607488065646e-11, -4.539387342565288e-11, 33.98955304705139, 1.295609599432154, -1.6890607488065646e-11, 1.295609599432154, 0.04938640051790939]}, {"x": [0.07615384538998575, 6.3718286717261565e-15, 2.0080914803225076e-13], "V": [12.283049776235586, -7.407085096530041e-11, -2.3944815733954825e-11, -7.407085096530041e-11, 34.5803911501684, 4.794897389211561, -2.3944815733954825e-11, 4.794897389211561, 2.686599093662445]}, {"x": [0.22846153616995726, 1.0162102102798019e-13, 1.17328845620751e-12], "V": [13.108364728179112, -1.285996657014922e-10, -4.286010677422843e-11, -1.285996657014922e-10, 37.022891942456184, 5.158961999924361, -4.286010677422843e-11, 5.158961999924361, 2.9693263063866087]}, {"x": [0.38076922694992876, 4.030030156780678e-13, 2.91846957683724e-12], "V": [13.919458348058217, -1.9846070199840474e-10, -6.365245358027207e-11, -1.9846070199840474e-10, 39.26942680216552, 5.4251463391660515, -6.365245358027207e-11, 5.4251463391660515, 3.1891047734583924]}, {"x": [0.5330769177299003, 1.0312249350271566e-12, 5.463213544331818e-12], "V": [14.737016893870182, -2.726218890408858e-10, -8.203720427548084e-11, -2.726218890408858e-10, 41.57769985242614, 5.751492794137576, -8.203720427548084e-11, 5.751492794137576, 3.4145487059960455]}, {"x": [0.6853846085098718, 2.0995431374930764e-12, 8.645375950104876e-12], "V": [15.672113771453708, -3.639594852795535e-10, -1.1666642551071038e-10, -3.639594852795535e-10, 44.188157135849096, 6.117028655333077, -1.1666642551071038e-10, 6.117028655333077, 3.667534409377217]}, {"x": [0.8376922992898432, 3.6175622051744455e-12, 1.0898290002466424e-11], "V": [16.706509485915483, -4.315464821946064e-10, -1.3913346469338802e-10, -4.315464821946064e-10, 47.118971294712416, 6.496508092547438, -1.3913346469338802e-10, 6.496508092547438, 3.961833670982228]}, {"x": [0.99, 5.468323022241162e-12, 1.4116220027184723e-11], "V": [17.894616261686664, -5.114444458115735e-10, -1.812100948154883e-10, -5.114444458115735e-10, 50.43912503730169, 6.942826963017122, -1.812100948154883e-10, 6.942826963017122, 4.291273856441999]}], "x1": [{"x": [0.0, 0.0, 0.0], "V": [16.218200335965204, 3.572387671616645e-13, -1.5194846876656856e-14, 3.572387671616645e-13, 46.00828294235292, 0.1397951708064, -1.5194846876656856e-14, 0.1397951708064, 0.0004249590796860918]}, {"x": [0.09799999800590908, 4.671161924385776e-16, 1.1439580455769853e-14], "V": [17.333712295252415, -4.1152940484158114e-13, -1.244796008398665e-13, -4.1152940484158114e-13, 48.994392785443885, 6.966602444133847, -1.244796008398665e-13, 6.966602444133847, 4.081387127632307]}, {"x": [0.29399999401772725, 4.051856350215101e-15, 1.4829941324038415e-14], "V": [20.266070913155637, 1.315866211076783e-13, 2.318112155593219e-13, 1.315866211076783e-13, 57.31975444903889, 8.148018814147916, 2.318112155593219e-13, 8.148018814147916, 4.864901391494267]}, {"x": [0.49, 4.941480692918923e-15, -2.2741734322780017e-15], "V": [23.17469846791737, 1.6483950522519408e-13, 1.2476230303303804e-13, 1.6483950522519408e-13, 65.51718505181421, 9.275808518697556, 1.2476230303303804e-13, 9.275808518697556, 5.663253790394792]}], "x6": [{"x": [0.0, 0.0, 0.0], "V": [5.81177358964112, 1.259893526920747, 1.0025592999755983, 1.259893526920747, 11.319646240643404, 1.274014740260052, 1.0025592999755983, 1.274014740260052, 0.33144800365486643]}, {"x": [0.15935087952939195, -0.013715383579926717, -0.21703424755650325], "V": [8.259333812939014, 2.2421799575737857, 0.9190885304030526, 2.2421799575737857, 8.21655733516742, 0.5607877374967514, 0.9190885304030526, 0.5607877374967514, 0.26072655252578464]}, {"x": [0.42171409812381033, -0.18618255062143807, -0.9588515166424443], "V": [12.48839375010821, 1.3350080653578418, 1.2099500147367663, 1.3350080653578418, 5.892078661483702, -0.09070502484314194, 1.2099500147367663, -0.09070502484314194, 0.209634773502247]}, {"x": [0.5100000000000001, -0.49, -1.5607963267948963], "V": [25.739155185557152, -0.49085325777709843, 2.689884807001751, -0.49085325777709843, 10.27316570393843, -0.9671072573397678, 2.689884807001751, -0.9671072573397678, 1.287155747553432]}], "x7": [{"x": [0.0, -0.0, -0.0], "V": [3.11381671132908, -0.5480769351013107, -0.6445515241095103, -0.5480769351013107, 7.362186385538906, 0.8455553553435402, -0.6445515241095103, 0.8455553553435402, 0.29178458795688433]}, {"x": [0.2674358364068159, 0.044564811180442775, 0.424600754755924], "V": [4.560170557304613, -0.8372696586846952, -0.43500726245211424, -0.8372696586846952, 4.151316370743739, 0.14469304401619196, -0.43500726245211424, 0.14469304401619196, 0.08610443753358514]}, {"x": [0.4630542710517271, 0.5043484138531038, 1.9624594514703997], "V": [5.835750374905396, 1.7897807871623819, -0.23724736232718302, 1.7897807871623819, 7.478556645251552, -0.650191660381819, -0.23724736232718302, -0.650191660381819, 0.12231399629779174]}, {"x": [0.010000000000000009, 0.7600000000000001, 3.1315926535897938], "V": [15.28349364312983, -0.7284685914237465, 1.4276860304382515, -0.7284685914237465, 38.28887792085865, -3.9512206847402775, 1.4276860304382515, -3.9512206847402775, 1.9777087900048766]}], "x4": [{"x": [0.0, 0.0, 0.0], "V": [10.441893931548616, 2.592776400033125, 0.6346937271129326, 2.592776400033125, 26.88827109109036, 0.8896107223432796, 0.6346937271129326, 0.8896107223432796, 0.05899800115348864]}, {"x": [0.09086498524682253, -0.0017662360159655405, -0.07654211046700168], "V": [11.771295244588744, 4.579918260612211, 1.7302755115963009, 4.579918260612211, 23.99462719487439, 2.4914656260327415, 1.7302755115963009, 2.4914656260327415, 0.8523538229333519]}, {"x": [0.3132423020197908, -0.06263548589103146, -0.41366533210504813], "V": [11.76334309773282, 4.363729759588663, 1.0965084719401819, 4.363729759588663, 23.61667269285659, 2.844192093420968, 1.0965084719401819, 2.844192093420968, 0.643684258894079]}, {"x": [0.5308701601850048, -0.1713432709499066, -0.4549756333464889], "V": [11.284964335495319, 2.6934104879752323, 0.2721673970232416, 2.6934104879752323, 24.825013932785208, 3.0015430748300815, 0.2721673970232416, 3.0015430748300815, 0.6536152290047017]}, {"x": [0.76, -0.24, -0.009999999999999926], "V": [11.941212897161652, -0.21642833756055976, -0.5459969775447461, -0.21642833756055976, 27.842287224699135, 1.318385726941261, -0.5459969775447461, 1.318385726941261, 0.23470180737598817]}], "x5": [{"x": [0.0, 0.0, 0.0], "V": [5.814220697640438, -1.2604209084754687, -1.0029376767955853, -1.2604209084754687, 11.324405419285785, 1.27449115522081, -1.0029376767955853, 1.27449115522081, 0.33133877379864257]}, {"x": [0.15935087952939198, 0.013715383579926703, 0.21703424755650297], "V": [8.262881826944094, -2.243137686358293, -0.9194546132782838, -2.243137686358293, 8.220086910205627, 0.5610067144605618, -0.9194546132782838, 0.5610067144605618, 0.2609395099185228]}, {"x": [0.4217140981238105, 0.186182550621438, 0.9588515166424446], "V": [12.493924263505871, -1.3355990949862842, -1.2104667880862474, -1.3355990949862842, 5.894688654689964, -0.0907359284885423, -1.2104667880862474, -0.0907359284885423, 0.20945741639464235]}, {"x": [0.5099999999999999, 0.49, 1.5607963267948965], "V": [25.739861356550584, 0.49086522510326075, -2.6898799439612895, 0.49086522510326075, 10.273469333694488, -0.9671244683623982, -2.6898799439612895, -0.9671244683623982, 1.286934430902523]}]}}