{"mp": {"x8": [{"x": [0.0, 0.0, 0.0], "V": [3.0420046203133606, 0.6680250568019626, 0.43339884486805713, 0.6680250568019626, 11.21030697428197, 1.5463896753171178, 0.43339884486805713, 1.5463896753171178, 0.2945196589700036]}, {"x": [0.4795275227676171, -0.07279451265519706, -0.48170421200278646], "V": [7.49459460302795, 2.632184101509996, 1.2983609957894278, 2.632184101509996, 6.39766363241703, 0.1554010483049302, 1.2983609957894278, 0.1554010483049302, 0.34589556401821103]}, {"x": [0.7181567185598179, -0.472757669950107, -1.6010033259213685], "V": [9.590429825053471, -2.670905767768652, 0.8336406045738037, -2.670905767768652, 5.592185452278245, -1.1698903699127776, 0.8336406045738037, -1.1698903699127776, 0.33185352212787783]}, {"x": [0.47538662615792915, -0.8782529817808675, -2.5467236023250917], "V": [4.726327735496934, -3.0184320182124083, -0.18960967876931084, -3.0184320182124083, 13.59084213509918, -2.117887354959826, -0.18960967876931084, -2.117887354959826, 0.5430869355851717]}, {"x": [0.009999999999999988, -1.01, -3.1315926535897938], "V": [33758.77970339744, 4803.097818551907, -8099.028227729594, 4803.097818551907, 159521.97518311586, -19645.654310513128, -8099.028227729594, -19645.654310513128, 11461.045865790597]}], "x2": [{"x": [0.0, 0.0, 0.0], "V": [27.27505056440145, -1.5434566389779852e-12, 1.0296436896958415e-13, -1.5434566389779852e-12, 36.724936039627494, 2.913886338114889e-11, 1.0296436896958415e-13, 2.913886338114889e-11, 3.65729591286161e-08]}, {"x": [0.119999995002, -8.152824006247846e-17, -2.0382060864430415e-15], "V": [30.245812826148967, -5.188150254784384e-14, -3.2971262474041465e-13, -5.188150254784384e-14, 171.3310727064991, 24.886678580278318, -3.2971262474041465e-13, 24.886678580278318, 14.869264436070106]}, {"x": [0.24, -3.137127724749782e-16, 3.100047072663838e-16], "V": [37.092014842543435, -9.262848650967679e-13, -1.0589070824820531e-12, -9.262848650967679e-13, 210.08168131982163, 30.57878898858552, -1.0589070824820531e-12, 30.57878898858552, 18.42881828921155]}], "x3": [{"x": [0.0, 0.0, 0.0], "V": [9.987048791811818, -1.3028423649069498, -0.0990496097006836, -1.3028423649069498, 51.358794305702496, -0.09904959687608676, -0.0990496097006836, -0.09904959687608676, 0.0012273854217747537]}, {"x": [0.2083121617730312, 0.013763202415741405, 0.16118824435090867], "V": [15.590273912903799, -12.755217310632418, -4.37094769073585, -12.755217310632418, 49.044453257801244, 5.659307361695213, -4.37094769073585, 5.659307361695213, 3.354094506586586]}, {"x": [0.6058496045158184, 0.1413832884419757, 0.36569980767718907], "V": [14.374345791789999, -11.005048015211432, -0.5894903700099943, -11.005048015211432, 53.1292552087554, 8.233409441211844, -0.5894903700099943, 8.233409441211844, 3.110861525774007]}, {"x": [1.01, 0.24000000000000005, 0.010000000000000009], "V": [32.2487265391812, 4.549093781640212, 7.282893015524059, 4.549093781640212, 128.47492888318237, 10.658479773825432, 7.282893015524059, 10.658479773825432, 5.883210026963391]}], "x0": [{"x": [0.0, 0.0, 0.0], "V": [26.941538360740385, 5.421613536297667e-11, -2.691177513317762e-11, 5.421613536297667e-11, 37.05843967072238, 1.564496514708435e-09, -2.691177513317762e-11, 1.564496514708435e-09, 6.876924474876653e-08]}, {"x": [0.14142856999819045, 9.41106348865458e-15, 1.9962862147452982e-13], "V": [29.877147899601603, 4.205315901045645e-10, 4.3739059995542506e-10, 4.205315901045645e-10, 169.29734096495343, 24.6157276629887, 4.3739059995542506e-10, 24.6157276629887, 13.988694072418756]}, {"x": [0.28285713999971424, 5.805478191326736e-14, 4.3295059741592576e-13], "V": [34.026144196779875, -1.2830645641104579e-08, -1.2458568902229077e-08, -1.2830645641104579e-08, 192.78673015450138, 28.01793932672888, -1.2458568902229077e-08, 28.01793932672888, 16.147306340793268]}, {"x": [0.42428571000123805, 1.1520874505320988e-13, 3.127622568149424e-13], "V": [39.500966676286055, 1.7682644285788786e-09, 1.7249276743039714e-09, 1.7682644285788786e-09, 223.79646045625094, 32.517860349545785, 1.7249276743039714e-09, 32.517860349545785, 18.998420411105652]}, {"x": [0.5657142800027618, 1.4774142690081495e-13, 2.184443791047268e-13], "V": [47.07276270591166, 1.054884329716091e-09, 1.1009595724122097e-09, 1.054884329716091e-09, 266.6469174144287, 38.74004592712938, 1.1009595724122097e-09, 38.74004592712938, 22.95874577060285]}, {"x": [0.7071428500042857, 1.893627042662602e-13, 3.864230138236061e-13], "V": [58.224434440656495, -3.1828110187735766e-09, -2.8166491206732253e-09, -3.1828110187735766e-09, 329.7936909248577, 47.879664294080534, -2.8166491206732253e-09, 47.879664294080534, 28.83587314897815]}, {"x": [0.8485714200058093, 2.7456280769278686e-13, 9.260140943929887e-13], "V": [76.26598085808314, -2.7961756274212453e-09, -2.2325620529786834e-09, -2.7961756274212453e-09, 431.71702319099313, 62.84256771004166, -2.2325620529786834e-09, 62.84256771004166, 38.09972460021469]}, {"x": [0.99, 5.084038180002607e-13, 2.677059453196846e-12], "V": [110.62948293595954, -2.0358268875966114e-09, -1.1320796259081113e-09, -2.0358268875966114e-09, 625.5224970664148, 91.06327281024436, -1.1320796259081113e-09, 91.06327281024436, 54.67486991655085]}], "x1": [{"x": [0.0, 0.0, 0.0], "V": [31.9999297736285, -2.1300240203438748e-14, 6.894469037070742e-16, -2.1300240203438748e-14, 32.000034601029306, 2.6486043439895496e-09, 6.894469037070742e-16, 2.6486043439895496e-09, 1.0740221197934472e-07]}, {"x": [0.1633333300002222, 4.437881661352181e-15, 8.151211381040932e-14], "V": [45.62436499417776, 1.702469838959423e-11, 8.454600191021598e-11, 1.702469838959423e-11, 258.5643465819449, 37.717389414795825, 8.454600191021598e-11, 37.717389414795825, 22.031177687788603]}, {"x": [0.32666666000377775, 4.888550367949509e-14, 5.718485694216e-13], "V": [64.97866958145556, 3.673290550598717e-10, 5.381021072261198e-10, 3.673290550598717e-10, 368.2315143183107, 53.70334066307472, 5.381021072261198e-10, 53.70334066307472, 32.307432866203136]}, {"x": [0.49, 1.761118197637185e-13, 7.842884543114819e-13], "V": [102.88710894949365, -2.972528771300648e-10, 4.035045075897067e-11, -2.972528771300648e-10, 582.7990964737622, 85.0349292716836, 4.035045075897067e-11, 85.0349292716836, 51.320805051782806]}], "x6": [{"x": [0.0, -0.0, -0.0], "V": [7.068980388754934, 1.5349008380513578, 1.2216776665030087, 1.5349008380513578, 25.49153973995786, 0.37119855643051264, 1.2216776665030087, 0.37119855643051264, 0.21158015918838527]}, {"x": [0.20885351556925985, -0.025358796305932105, -0.30798322786119453], "V": [15.712503903293829, 6.5405611055357085, 2.8471779670810435, 6.5405611055357085, 15.829202686503992, 0.9202867507865452, 2.8471779670810435, 0.9202867507865452, 0.8907755346608868]}, {"x": [0.49268023352975127, -0.3184560587015327, -1.282595845306935], "V": [33.391404823847004, 0.476607038224343, 3.6132308459829385, 0.476607038224343, 7.70098237478596, -1.3916697938703653, 3.6132308459829385, -1.3916697938703653, 1.0476791120231606]}, {"x": [0.51, -0.7399999999999999, -1.5807963267948963], "V": [35.90301154934985, 0.7017375427090426, 4.9299663194931584, 0.7017375427090426, 6.887322360435646, 1.3057972727678329, 4.9299663194931584, 1.3057972727678329, 2.604123511632571]}], "x7": [{"x": [0.0, 0.0, 0.0], "V": [2.9701161854053755, -0.6522390671812176, -0.4234838343119808, -0.6522390671812176, 10.945387490819213, 1.509600053746549, -0.4234838343119808, 1.509600053746549, 0.29263932181298113]}, {"x": [0.4795275227675843, 0.07279451265519528, 0.4817042120028149], "V": [7.3154777652495575, -2.569278834066805, -1.2673185518627963, -2.569278834066805, 6.244764536107469, 0.1515760519905778, -1.2673185518627963, 0.1515760519905778, 0.33952380846033386]}, {"x": [0.7181567185597503, 0.47275766995008967, 1.6010033259214054], "V": [9.358583637189497, 2.606337703856691, -0.8134468070607352, 2.606337703856691, 5.456995862914983, -1.1415731586621098, -0.8134468070607352, -1.1415731586621098, 0.3248273830419148]}, {"x": [0.475386626157884, 0.8782529817808331, 2.5467236023249926], "V": [4.610743739914347, 2.9446148144031046, 0.18481436241028887, 2.9446148144031046, 13.258475791314028, -2.066116948858194, 0.18481436241028887, -2.066116948858194, 0.5336883939734659]}, {"x": [0.010000000000000002, 1.0099999999999998, 3.131592653589793], "V": [8887.874753563261, -1264.6437155729825, 2131.2907153947917, -1264.6437155729825, 42001.11584060223, -5167.251622280008, 2131.2907153947917, -5167.251622280008, 3233.1755285743957]}], "x4": [{"x": [0.0, 0.0, 0.0], "V": [9.987143200796035, 1.3028278523048946, 0.09904820721042473, 1.3028278523048946, 51.35872964070999, -0.099048193273737, 0.09904820721042473, -0.099048193273737, 0.0012273456540228052]}, {"x": [0.20831216177303125, -0.013763202415741417, -0.16118824435090875], "V": [15.590298328591327, 12.755190869230914, 4.370905363232569, 12.755190869230914, 49.0444474838257, 5.659197128144615, 4.370905363232569, 5.659197128144615, 3.354369905802939]}, {"x": [0.6058496045158185, -0.1413832884419757, -0.365699807677189], "V": [14.374651834531722, 11.005285244741433, 0.5895298421717278, 11.005285244741433, 53.130394783577444, 8.233691065258487, 0.5895298421717278, 8.233691065258487, 3.110791474769735]}, {"x": [1.01, -0.24, -0.010000000000000016], "V": [32.24858942979726, -4.5490744401119985, -7.282866008511924, -4.5490744401119985, 128.47438262682056, 10.658423588774566, -7.282866008511924, 10.658423588774566, 5.883893792574231]}], "x5": [{"x": [0.0, 0.0, 0.0], "V": [7.068980388754934, -1.5349008380513578, -1.2216776665030087, -1.5349008380513578, 25.49153973995786, 0.37119855643051264, -1.2216776665030087, 0.37119855643051264, 0.21158015918838527]}, {"x": [0.20885351556925985, 0.025358796305932105, 0.30798322786119453], "V": [15.712503903293829, -6.5405611055357085, -2.8471779670810435, -6.5405611055357085, 15.829202686503992, 0.9202867507865452, -2.8471779670810435, 0.9202867507865452, 0.8907755346608868]}, {"x": [0.49268023352975127, 0.3184560587015327, 1.282595845306935], "V": [33.391404823847004, -0.476607038224343, -3.6132308459829385, -0.476607038224343, 7.70098237478596, -1.3916697938703653, -3.6132308459829385, -1.3916697938703653, 1.0476791120231606]}, {"x": [0.51, 0.7399999999999999, 1.5807963267948963], "V": [35.90301154934985, -0.7017375427090426, -4.9299663194931584, -0.7017375427090426, 6.887322360435646, 1.3057972727678329, -4.9299663194931584, 1.3057972727678329, 2.604123511632571]}]}}