{"mp": {"x8": [{"x": [0.0, 0.0, 0.0], "V": [1.2799000742794695, -7.2658756409889214e-12, -4.498893594117901e-11, -7.2658756409889214e-12, 1.280098456698332, -6.917240552421975e-11, -4.498893594117901e-11, -6.917240552421975e-11, 1.0877000611156166e-07]}, {"x": [0.2659398015083113, -0.01446886670213864, -0.13143142627425772], "V": [3.009508744797546, 1.1757716552525295, 0.4537535415326298, 1.1757716552525295, 5.572765404891969, 0.7345302276904159, 0.4537535415326298, 0.7345302276904159, 0.24561646022728775]}, {"x": [0.7639448128034683, -0.19332196326322962, -0.572340108890778], "V": [4.518993445724379, 1.7330165566525924, 0.7340488742703986, 1.7330165566525924, 4.158928600919992, 0.43388981021373263, 0.7340488742703986, 0.43388981021373263, 0.21768995246018985]}, {"x": [1.1286809392063213, -0.5759101653450798, -1.041411291828847], "V": [5.92921103061775, 0.9504607016781629, 0.8723748056033812, 0.9504607016781629, 2.8754529356672425, 0.07708794359451424, 0.8723748056033812, 0.07708794359451424, 0.22136585725683436]}, {"x": [1.2884117010420564, -1.0803823243701842, -1.4821966869022893], "V": [6.223286098274257, -0.5468894892755563, 0.8466567268039359, -0.5468894892755563, 2.698428541968002, -0.29226318444231714, 0.8466567268039359, -0.29226318444231714, 0.22292902153435898]}, {"x": [1.2240082386552915, -1.606037947133018, -1.9002916227438138], "V": [5.335744446065279, -1.7031037092255021, 0.6769897663098009, -1.7031037092255021, 3.7109168155021517, -0.6159288615032095, 0.6769897663098009, -0.6159288615032095, 0.22458647380581825]}, {"x": [0.954657530567445, -2.062250094483551, -2.3071138094921864], "V": [3.91284655839693, -1.828052830429544, 0.3933663286832778, -1.828052830429544, 5.328184846121489, -0.8572449181104169, 0.3933663286832778, -0.8572449181104169, 0.21815054170790316]}, {"x": [0.5269452468747059, -2.374854481001762, -2.7149857148307603], "V": [2.85426446025685, -0.8749051596806932, 0.039867629458127135, -0.8749051596806932, 6.747834359418196, -0.9854775505284181, 0.039867629458127135, -0.9854775505284181, 0.22075522854631885]}, {"x": [0.010000000000000005, -2.49, -3.1315926535897933], "V": [26.026583188354, 0.9606260442190393, -2.044451281731994, 0.9606260442190393, 69.31810840758996, -8.590661452257686, -2.044451281731994, -8.590661452257686, 4.27134637234155]}], "x2": [{"x": [0.0, 0.0, 0.0], "V": [1.2800068496415244, -2.6045271281577623e-15, -5.272304477267579e-17, -2.6045271281577623e-15, 1.2799926770580121, 1.3213091113309073e-10, -5.272304477267579e-17, 1.3213091113309073e-10, 4.016550890613301e-08]}, {"x": [0.2479999975259091, 7.0004566236431285e-15, 6.774635509820078e-14], "V": [15.27934204301957, -2.2250317753147925e-11, -2.0961542773448643e-11, -2.2250317753147925e-11, 43.25137421262195, 6.000452048032677, -2.0961542773448643e-11, 6.000452048032677, 3.7212670677759974]}, {"x": [0.7439999925777273, 1.7948916043727812e-13, 8.061662180499391e-13], "V": [17.507587230947973, -3.740522851620044e-11, -1.176068921746271e-11, -3.740522851620044e-11, 49.33344120846817, 6.778991548632017, -1.176068921746271e-11, 6.778991548632017, 4.283633096564598]}, {"x": [1.24, 7.140465501419598e-13, 9.840772844117273e-13], "V": [18.86364729457333, -3.041815565465684e-11, -2.3916715422155096e-12, -3.041815565465684e-11, 53.111438648743416, 7.272028123124412, -2.3916715422155096e-12, 7.272028123124412, 4.638306438432673]}], "x3": [{"x": [0.0, 0.0, 0.0], "V": [1.2800159192474454, 1.09588371325234e-11, 3.117844218863117e-11, 1.09588371325234e-11, 1.2799833078340184, -8.8383694998698e-11, 3.117844218863117e-11, -8.8383694998698e-11, 5.803827869235369e-08]}, {"x": [0.3620099391898269, 0.015137583467744607, 0.10054799318845124], "V": [4.429844009255206, -1.5231769488525189, -0.4997076959289662, -1.5231769488525189, 10.886094775567946, 1.5130839168036454, -0.4997076959289662, 1.5130839168036454, 0.6138831213291825]}, {"x": [1.0652867051050698, 0.18418905671374877, 0.3552120442946506], "V": [5.385603739941375, -2.7981631657797754, -0.7789389987281866, -2.7981631657797754, 10.298618382098473, 1.4599943124407677, -0.7789389987281866, 1.4599943124407677, 0.6023034027461904]}, {"x": [1.7230029055545752, 0.48855978231642827, 0.4864994729467214], "V": [5.861143255417787, -3.1579256438639476, -0.8242021390000612, -3.1579256438639476, 10.08030191816514, 1.4887286609417927, -0.8242021390000612, 1.4887286609417927, 0.5882507863729396]}, {"x": [2.3624350096272013, 0.830776132689024, 0.47313810361464653], "V": [5.5049444150160864, -2.8026429297022504, -0.6510623094472295, -2.8026429297022504, 10.634447134261128, 1.622641479433668, -0.6510623094472295, 1.622641479433668, 0.46542867606461175]}, {"x": [3.0280943736962307, 1.1166876623899162, 0.3120720518401076], "V": [5.267306727601532, -1.6687714429604452, -0.22028990066532878, -1.6687714429604452, 13.211350412730603, 1.9457350150059505, -0.22028990066532878, 1.9457350150059505, 0.6334314685557053]}, {"x": [3.74, 1.24, 0.010000000000000007], "V": [5.044861755706832, 0.11284736453190107, 0.295967913934988, 0.11284736453190107, 13.958446393148968, 1.9596350714307533, 0.295967913934988, 1.9596350714307533, 0.4154000241221322]}], "x0": [{"x": [0.0, 0.0, 0.0], "V": [1.279999161554489, 1.4765549330034355e-13, -1.617711071710716e-13, 1.4765549330034355e-13, 1.2800004947436683, 9.018914429104226e-11, -1.617711071710716e-13, 9.018914429104226e-11, 4.657583878067584e-08]}, {"x": [0.2376190452480898, -3.515853317975252e-14, -3.5510823445699506e-13], "V": [7.387794650057239, -9.300116950303778e-07, -1.2392992158558056e-06, -9.300116950303778e-07, 20.940276884178385, 2.9016686257191178, -1.2392992158558056e-06, 2.9016686257191178, 1.5716244900062655]}, {"x": [0.7128571357442693, -2.700736456992254e-13, -2.4005226521188025e-13], "V": [7.63432163221285, 2.879632318894835e-06, 2.7554423184487927e-06, 2.879632318894835e-06, 21.550778033426077, 2.9336489995890376, 2.7554423184487927e-06, 2.9336489995890376, 1.5832587873682595]}, {"x": [1.188095226240449, -1.0854876492539099e-13, 8.520322606242305e-13], "V": [7.894358399741747, 1.822423034300648e-06, 1.738828610317357e-06, 1.822423034300648e-06, 22.283283718311296, 3.02202263715878, 1.738828610317357e-06, 3.02202263715878, 1.6550036755644895]}, {"x": [1.6633333167366284, 1.5527576887623511e-13, -4.830052957585822e-13], "V": [8.166589950602841, -4.3945957652923856e-07, -4.178969721153818e-07, -4.3945957652923856e-07, 23.070820830456352, 3.1170448488029763, -4.178969721153818e-07, 3.1170448488029763, 1.7197681401377936]}, {"x": [2.1385714072328077, -7.41066174553188e-13, -2.9128564888283416e-12], "V": [8.463175296670045, -5.298960005953508e-06, -5.022579012078786e-06, -5.298960005953508e-06, 23.905027768269175, 3.1932212381501666, -5.022579012078786e-06, 3.1932212381501666, 1.810684079807088]}, {"x": [2.613809497728987, -2.723028669031627e-12, -6.035226203590769e-12], "V": [8.772880897309975, -3.957822742413594e-06, -3.7420742421678087e-06, -3.957822742413594e-06, 24.778844929223023, 3.2980052851547623, -3.7420742421678087e-06, 3.2980052851547623, 1.8978224851010412]}, {"x": [3.0890475882251667, -6.958171499505463e-12, -1.2192495147724872e-11], "V": [9.099545732243216, 4.789159130343743e-06, 4.520080915889275e-06, 4.789159130343743e-06, 25.701430438071718, 3.4128416794843655, 4.520080915889275e-06, 3.4128416794843655, 1.989961204033448]}, {"x": [3.5642856787213457, -1.3913230110616007e-11, -1.583434208868797e-11], "V": [9.448059491791858, 2.9624149053549923e-06, 2.7918695743075202e-06, 2.9624149053549923e-06, 26.681567732577356, 3.5468059054641214, 2.7918695743075202e-06, 3.5468059054641214, 2.088006833176305]}, {"x": [4.039523769217525, -2.1626871591539824e-11, -1.7068144014466714e-11], "V": [9.8248145678075, -2.381304415867111e-10, -4.442821587429714e-10, -2.381304415867111e-10, 27.7409969750527, 3.684403557979146, -4.442821587429714e-10, 3.684403557979146, 2.1942602031968885]}, {"x": [4.514761859713705, -3.0013425462204216e-11, -1.7527582581986695e-11], "V": [10.225285819959032, 7.695346838866715e-10, 4.732461373612716e-10, 7.695346838866715e-10, 28.86670935862259, 3.843245876988487, 4.732461373612716e-10, 3.843245876988487, 2.3155845674862587]}, {"x": [4.99, -3.834556350530223e-11, -1.836036345234555e-11], "V": [10.669736647683505, 3.6198929816623e-10, 8.454837497672588e-11, 3.6198929816623e-10, 30.120742787775065, 3.9860497493729508, 8.454837497672588e-11, 3.9860497493729508, 2.434679155262111]}], "x1": [{"x": [0.0, 0.0, 0.0], "V": [1.27999252612598, 1.5720802084557131e-15, 1.457662268283903e-15, 1.5720802084557131e-15, 1.2800067954373127, 1.2713885626042892e-10, 1.457662268283903e-15, 1.2713885626042892e-10, 6.373308293593044e-08]}, {"x": [0.19153845962844734, 5.938259593191604e-14, 7.440710889763998e-13], "V": [11.15056419440266, 9.939050026451242e-08, 9.493740103747082e-08, 9.939050026451242e-08, 31.439120443494915, 4.338898680287538, 9.493740103747082e-08, 4.338898680287538, 2.5011490843256627]}, {"x": [0.574615378885342, 6.171472937470943e-13, 1.763788022259422e-12], "V": [11.700424382771075, -1.0111552629182733e-07, -9.657215899133066e-08, -1.0111552629182733e-07, 32.95869530861434, 4.5088020333314, -9.657215899133066e-08, 4.5088020333314, 2.6691337395923838]}, {"x": [0.9576922981422366, 1.2287055153807491e-12, 1.358125077660943e-12], "V": [12.282093517488033, 3.6261256518197167e-09, 3.5001986506184076e-09, 3.6261256518197167e-09, 34.61816872275397, 4.723797514992452, 3.5001986506184076e-09, 4.723797514992452, 2.8507249434928084]}, {"x": [1.3407692173991312, 2.0321156181312933e-12, 3.884789016749873e-12], "V": [12.929362211192437, -1.9550136704948132e-10, -9.714058751443132e-11, -1.9550136704948132e-10, 36.43884080176363, 4.954804316742644, -9.714058751443132e-11, 4.954804316742644, 3.048468033518353]}, {"x": [1.7238461366560258, 3.91739857484796e-12, 4.158749049089069e-12], "V": [13.651430026287391, 1.3726434751104956e-10, 1.4664899786462867e-10, 1.3726434751104956e-10, 38.461331542323755, 5.201848486945973, 1.4664899786462867e-10, 5.201848486945973, 3.256696807986781]}, {"x": [2.1069230559129206, 4.476858132328066e-12, -1.3742111158264292e-12], "V": [14.43970221720054, -8.347171888750485e-10, -8.741946675354527e-10, -8.347171888750485e-10, 40.680730074973255, 5.481217092580922, -8.741946675354527e-10, 5.481217092580922, 3.4773215061026597]}, {"x": [2.49, 3.2063701311308675e-12, -4.230199684573239e-12], "V": [15.31846436605508, 1.1627878278856789e-10, 2.3600580658478038e-11, 1.1627878278856789e-10, 43.153912736254874, 5.776135684387459, 2.3600580658478038e-11, 5.776135684387459, 3.716195505225924]}], "x6": [{"x": [0.0, 0.0, 0.0], "V": [1.2799216168696124, -9.32939870214927e-12, -1.0554969627307973e-11, -9.32939870214927e-12, 1.2800769909678102, -4.552918057210033e-11, -1.0554969627307973e-11, -4.552918057210033e-11, 1.1001906136175156e-07]}, {"x": [0.5588964736013715, -0.04187185914823919, -0.18013493568597438], "V": [3.538141289984113, 1.5308189008012003, 0.49841308853268934, 1.5308189008012003, 7.4862491055426705, 1.044323548805793, 0.49841308853268934, 1.044323548805793, 0.37637277656738405]}, {"x": [1.5644153419606903, -0.516433548194989, -0.6908927024361556], "V": [5.801645038175072, 2.566870502410895, 0.9490302016088743, 2.566870502410895, 5.415080789611395, 0.7162144693219195, 0.9490302016088743, 0.7162144693219195, 0.36331542141810724]}, {"x": [2.2408379452375837, -1.4025886323932881, -1.1353327266745237], "V": [7.850000349699346, 1.5768298583626543, 1.1965993940766053, 1.5768298583626543, 3.579340817651646, 0.2790251926017857, 1.1965993940766053, 0.2790251926017857, 0.29511749854230285]}, {"x": [2.49, -2.4900000000000007, -1.5607963267948963], "V": [12.906068096859489, -0.06736273703770564, 1.8473851650396524, -0.06736273703770564, 4.619971613831096, -0.216028581809849, 1.8473851650396524, -0.216028581809849, 0.44124801776258055]}], "x7": [{"x": [0.0, 0.0, 0.0], "V": [1.2798335467563942, 2.224648344488886e-10, 3.4693279705018974e-10, 2.224648344488886e-10, 1.2801650328573484, -5.914471498085976e-10, 3.4693279705018974e-10, -5.914471498085976e-10, 1.0916981844554184e-07]}, {"x": [0.2659398015081129, 0.01446886670215293, 0.13143142627448998], "V": [2.9997767788168628, -1.171969592981171, -0.45228835867776496, -1.171969592981171, 5.554744634111474, 0.7321591770192151, -0.45228835867776496, 0.7321591770192151, 0.2442673914049007]}, {"x": [0.7639448128027904, 0.1933219632633909, 0.5723401088916529], "V": [4.504235410907671, -1.7273569062406302, -0.7316511251562351, -1.7273569062406302, 4.145346470319862, 0.43247061165585693, -0.7316511251562351, 0.43247061165585693, 0.21648333546425244]}, {"x": [1.1286809392050396, 0.5759101653452863, 1.0414112918294745], "V": [5.909654164819354, -0.9473256623428036, -0.8695023453579197, -0.9473256623428036, 2.8659686415685006, 0.07682951764015403, -0.8695023453579197, 0.07682951764015403, 0.22016076863717476]}, {"x": [1.2884117010404477, 1.0803823243700883, 1.4821966869028071], "V": [6.202552329553245, 0.54506744886736, -0.843834106316196, 0.54506744886736, 2.689438344536897, -0.2912894001573775, -0.843834106316196, -0.2912894001573775, 0.22143734782408112]}, {"x": [1.2240082386534712, 1.6060379471325128, 1.9002916227438396], "V": [5.31778657608122, 1.6973717940074093, -0.6747096759862097, 1.6973717940074093, 3.6984274249548625, -0.613855201077657, -0.6747096759862097, -0.613855201077657, 0.22292109079790473]}, {"x": [0.9546575305661664, 2.0622500944829456, 2.307113809490679], "V": [3.8995420765376596, 1.8218371041872001, -0.392030330940681, 1.8218371041872001, 5.31006791276345, -0.8543323854439204, -0.392030330940681, -0.8543323854439204, 0.21667607255315233]}, {"x": [0.5269452468742508, 2.374854481001613, 2.714985714829582], "V": [2.8444582914397656, 0.8718993661508095, -0.03973349691458389, 0.8718993661508095, 6.724650701182072, -0.9820485904721988, -0.03973349691458389, -0.9820485904721988, 0.22134578615846165]}, {"x": [0.010000000000000007, 2.49, 3.1315926535897933], "V": [21.05722182878515, -0.7754298255369897, 1.6190667757296677, -0.7754298255369897, 56.04167089750948, -6.892952370512325, 1.6190667757296677, -6.892952370512325, 3.3759303892491923]}], "x4": [{"x": [0.0, 0.0, 0.0], "V": [1.2799510704504795, 3.0270539774675266e-12, -6.195566541410657e-12, 3.0270539774675266e-12, 1.2800477205011345, -2.4474754784645814e-11, -6.195566541410657e-12, -2.4474754784645814e-11, 9.089908608112055e-08]}, {"x": [0.3076641313127466, -0.008366612689456068, -0.07108639031750397], "V": [2.9913119772492607, 0.9802615204961036, 0.3382370476358306, 0.9802615204961036, 7.946630380420171, 1.1320068802467778, 0.3382370476358306, 1.1320068802467778, 0.5151502681415411]}, {"x": [1.0160587469588662, -0.15973947634968938, -0.33360081771322686], "V": [3.5386699947685933, 1.7207549929429797, 0.49666795176257283, 1.7207549929429797, 6.99167948055454, 1.0081033035890261, 0.49666795176257283, 1.0081033035890261, 0.34532131215276746]}, {"x": [1.6897947256619092, -0.46197915816879004, -0.48612430849555216], "V": [3.824813473196756, 2.0371069269242743, 0.5395959606697797, 2.0371069269242743, 6.818840944728612, 1.0150926810310117, 0.5395959606697797, 1.0150926810310117, 0.33281534218005043]}, {"x": [2.339366868711277, -0.8151155884532878, -0.4830924614102064], "V": [3.6485052948835444, 1.785332200982304, 0.41390947608180384, 1.785332200982304, 7.0827771487665, 1.075377226169766, 0.41390947608180384, 1.075377226169766, 0.27790484151041145]}, {"x": [3.015232074006586, -1.1118848876267737, -0.3176560515657245], "V": [3.4509487322464407, 1.1175470952297835, 0.16063671428211238, 1.1175470952297835, 8.372936224232566, 1.242469536463001, 0.16063671428211238, 1.242469536463001, 0.31290453792351924]}, {"x": [3.7399999999999998, -1.24, -0.010000000000000004], "V": [3.2051138741059813, -0.0723482894625007, -0.1896880560540428, -0.0723482894625007, 8.866288717290859, 1.243580268718551, -0.1896880560540428, 1.243580268718551, 0.31669408026866563]}], "x5": [{"x": [0.0, 0.0, 0.0], "V": [1.2799215644997568, 1.087768055521422e-11, 1.0459201207321294e-11, 1.087768055521422e-11, 1.2800770433574464, -4.513252790987145e-11, 1.0459201207321294e-11, -4.513252790987145e-11, 1.10019233750403e-07]}, {"x": [0.5588964736013727, 0.04187185914823856, 0.18013493568597128], "V": [3.5381418506161832, -1.5308198014802952, -0.49841613057187045, -1.5308198014802952, 7.486251245623205, 1.0443302230542308, -0.49841613057187045, 1.0443302230542308, 0.3762914872363861]}, {"x": [1.5644153419606968, 0.5164335481949838, 0.6908927024361496], "V": [5.8016432127244935, -2.5668697400180345, -0.9490302041751769, -2.5668697400180345, 5.415079099383707, 0.7162147255245145, -0.9490302041751769, 0.7162147255245145, 0.3632954336246601]}, {"x": [2.240837945237592, 1.4025886323932835, 1.1353327266745306], "V": [7.849997585686549, -1.576829304601819, -1.196599068609497, -1.576829304601819, 3.579339558842527, 0.27902509648791896, -1.196599068609497, 0.27902509648791896, 0.29511819873258427]}, {"x": [2.49, 2.49, 1.5607963267948965], "V": [12.907054942012786, 0.06736788728043211, -1.8475208927318143, 0.06736788728043211, 4.6203248842774425, -0.21604531732753776, -1.8475208927318143, -0.21604531732753776, 0.4412922501385366]}]}}