{"mp": {"x8": [{"x": [0.0, 0.0, 0.0], "V": [1.2798578060534225, -1.8412673316165e-10, -3.4008663143260614e-10, -1.8412673316165e-10, 1.280141360352369, -6.092740297137828e-10, -3.4008663143260614e-10, -6.092740297137828e-10, 6.893718571038627e-08]}, {"x": [0.8839814440608511, -0.11578345694042082, -0.3966316252112734], "V": [5.783032335683875, 4.092768491918735, 1.488575700639109, 4.092768491918735, 8.907832710435216, 1.0403906513601024, 1.488575700639109, 1.0403906513601024, 0.6606885296068905]}, {"x": [1.4899869879993313, -0.7452124236052377, -1.214172416251056], "V": [11.895502590573656, 1.3506321387291906, 1.8371408508375293, 1.3506321387291906, 3.1904128308249584, -0.37027928927937415, 1.8371408508375293, -0.37027928927937415, 0.6024163276046247]}, {"x": [1.4591934931993744, -1.6215426560511947, -1.9770309797842458], "V": [9.788027989718962, -4.5412074662807544, 1.235873309285503, -4.5412074662807544, 5.894618345486469, -1.5249096373385826, 1.235873309285503, -1.5249096373385826, 0.6659225530059285]}, {"x": [0.8672737992040775, -2.277528259022478, -2.6088660713550187], "V": [4.3678409619810985, -3.7849574686967005, 0.28621905435581363, -3.7849574686967005, 12.05395045921075, -2.0638631545554804, 0.28621905435581363, -2.0638631545554804, 0.5219488764248778]}, {"x": [0.009999999999999995, -2.5100000000000002, -3.1315926535897933], "V": [16.10969385083257, 1.5760604605874133, -2.8721549285138086, 1.5760604605874133, 82.77226972160075, -10.577664500438832, -2.8721549285138086, -10.577664500438832, 5.43021486481265]}], "x2": [{"x": [0.0, 0.0, 0.0], "V": [1.2799991278593816, -9.834811863830463e-13, 9.546982836976777e-14, -9.834811863830463e-13, 1.280000662331179, -6.60631458337621e-11, 9.546982836976777e-14, -6.60631458337621e-11, 1.855514367504766e-08]}, {"x": [-0.24799999751880003, 2.4447571111429106e-14, -2.957367502738105e-13], "V": [12.559669275448213, -1.8100854738633024e-09, 1.7693921875764423e-09, -1.8100854738633024e-09, 70.30949037718406, -9.720333575080142, 1.7693921875764423e-09, -9.720333575080142, 5.797639335544642]}, {"x": [-0.4959999950409334, 1.7969293391926735e-13, -9.907578664213574e-13], "V": [13.249380943372804, -4.332051585356351e-08, 4.194803939770108e-08, -4.332051585356351e-08, 74.09408067853289, -10.222476984826965, 4.194803939770108e-08, -10.222476984826965, 6.203668464396671]}, {"x": [-0.7439999925630668, 3.698029820171371e-13, 8.108175197184853e-14], "V": [13.966226081419151, 3.171435899353622e-10, -3.2842820186615577e-10, 3.171435899353622e-10, 78.22249573362046, -10.730299459619753, -3.2842820186615577e-10, -10.730299459619753, 6.631479411094714]}, {"x": [-0.9919999900852002, 5.198759158190877e-14, 2.2112535635337285e-12], "V": [14.80038663539583, -6.85955309932051e-10, 4.429420742629129e-10, -6.85955309932051e-10, 82.86674010844631, -11.363337024971038, 4.429420742629129e-10, -11.363337024971038, 7.07330384405751]}, {"x": [-1.24, -8.106463602201977e-13, 5.353533276687652e-12], "V": [15.731657786564496, -4.836418616030837e-10, 1.9648585637454063e-10, -4.836418616030837e-10, 88.02810503230063, -12.014194052747413, 1.9648585637454063e-10, -12.014194052747413, 7.548982480769485]}], "x3": [{"x": [0.0, 0.0, 0.0], "V": [1.2797438837835886, -1.324163106465998e-10, -2.255506829080165e-10, -1.324163106465998e-10, 1.2802524653158986, 9.847151458986419e-10, -2.255506829080165e-10, 9.847151458986419e-10, 2.6877829297184034e-07]}, {"x": [0.6648910038891298, 0.035882860665569526, 0.16240626442333944], "V": [4.117576387017802, -3.427153892348935, -1.0996628923268625, -3.427153892348935, 15.70142420155421, 2.201416942794071, -1.0996628923268625, 2.201416942794071, 0.947089305164246]}, {"x": [1.3001414466436199, 0.23242490619198428, 0.41189468927008066], "V": [5.904382439577493, -5.6339770299535425, -1.34378763031608, -5.6339770299535425, 14.379325529157114, 2.115549793884191, -1.34378763031608, 2.115549793884191, 0.8979325535569654]}, {"x": [1.8927255167000285, 0.5372641517433591, 0.5152869505573272], "V": [6.581059210821159, -6.129957635171472, -1.2748966981647567, -6.129957635171472, 13.849839821281094, 2.1810979492296374, -1.2748966981647567, 2.1810979492296374, 0.8260359689147224]}, {"x": [2.4744650463510833, 0.8628732287709859, 0.48303262197078217], "V": [5.69723036559589, -5.404819592572424, -0.8901803495164575, -5.404819592572424, 14.724286538544888, 2.3955501817897, -0.8901803495164575, 2.3955501817897, 0.6152165566335224]}, {"x": [3.085352735540843, 1.1278167966016872, 0.31090602653844024], "V": [3.976411435215255, -2.981038761238228, -0.12448282342381611, -2.981038761238228, 16.796689968785287, 2.5987561227605034, -0.12448282342381611, 2.5987561227605034, 0.8496772439561155]}, {"x": [3.74, 1.24, 0.010000000000000007], "V": [3.4500478460946304, 0.343675131255008, 0.6437739288083166, 0.343675131255008, 18.04537690601459, 2.482606885770464, 0.6437739288083166, 2.482606885770464, 0.6476079183435377]}], "x0": [{"x": [0.0, 0.0, 0.0], "V": [1.2799985482120229, -1.5321147143726803e-14, -1.944148011438566e-14, -1.5321147143726803e-14, 1.2800006082439654, 2.6133919846275365e-10, -1.944148011438566e-14, 2.6133919846275365e-10, 9.055334558980394e-08]}, {"x": [0.4536363590976364, 1.259023000285693e-13, 8.326204293601399e-13], "V": [7.004640991328722, -2.806527838106706e-06, -2.7269037681268506e-06, -2.806527838106706e-06, 39.311449795232704, 5.376854241986459, -2.7269037681268506e-06, 5.376854241986459, 2.9453488138775565]}, {"x": [0.907272718198606, 7.166946768813374e-13, 1.4091825257554075e-12], "V": [7.239281104387115, 1.6017599034709395e-06, 1.5490144817604738e-06, 1.6017599034709395e-06, 40.62592281888024, 5.493428224262605, 1.5490144817604738e-06, 5.493428224262605, 3.1203545205161136]}, {"x": [1.3609090772995756, 1.3489991104371847e-12, 1.6192657295460277e-12], "V": [7.4721835452009575, -2.8159417476059648e-06, -2.721694923929335e-06, -2.8159417476059648e-06, 41.95997483115105, 5.6565917969466275, -2.721694923929335e-06, 5.6565917969466275, 3.276906830521859]}, {"x": [1.8145454364005453, 2.3106915008702305e-12, 2.655216623703731e-12], "V": [7.719543875357643, 2.823586631782103e-06, 2.723748105807171e-06, 2.823586631782103e-06, 43.35359916150127, 5.826921636191234, 2.723748105807171e-06, 5.826921636191234, 3.4450352858320388]}, {"x": [2.2681817955015156, 3.684473031730113e-12, 3.204885846422302e-12], "V": [7.978122580126211, -1.6120179176203227e-06, -1.553623369945218e-06, -1.6120179176203227e-06, 44.824374918228905, 5.996491354824816, -1.553623369945218e-06, 5.996491354824816, 3.6063461709194202]}, {"x": [2.721818154602485, 5.152094561056468e-12, 3.316082059466539e-12], "V": [8.259881807741886, -1.1320982918702798e-07, -1.0945030033519242e-07, -1.1320982918702798e-07, 46.40817300449457, 6.152048519468953, -1.0945030033519242e-07, 6.152048519468953, 3.7935771262054603]}, {"x": [3.175454513703454, 6.7178648010150126e-12, 3.5912928069355283e-12], "V": [8.549057216364096, -1.1227584052683338e-06, -1.0814415024161608e-06, -1.1227584052683338e-06, 48.03784987816099, 6.350540868677874, -1.0814415024161608e-06, 6.350540868677874, 3.9609781095546577]}, {"x": [3.629090872804424, 8.633259587206908e-12, 5.340479580828165e-12], "V": [8.862116353181648, 2.8322181713413316e-07, 2.7314316982088687e-07, 2.8322181713413316e-07, 49.791091832999996, 6.5450018096242575, 2.7314316982088687e-07, 6.5450018096242575, 4.1493133646317775]}, {"x": [4.082727231905394, 1.1737414808953263e-11, 8.242210095815978e-12], "V": [9.199537155498733, 6.08355595386601e-07, 5.844714484012026e-07, 6.08355595386601e-07, 51.669715141851775, 6.739365589258664, 5.844714484012026e-07, 6.739365589258664, 4.3372433838719555]}, {"x": [4.536363591006364, 1.6137614577705694e-11, 1.1318679467244148e-11], "V": [9.559314147402194, -5.927042620391786e-10, -1.4623810383847667e-10, -5.927042620391786e-10, 53.70368918606836, 6.9768539229899735, -1.4623810383847667e-10, 6.9768539229899735, 4.518269099940942]}, {"x": [4.99, 2.19285562973461e-11, 1.3879399185665159e-11], "V": [9.945059852460991, -6.455970656554276e-10, -1.1350920831902271e-10, -6.455970656554276e-10, 55.87531890515449, 7.185891996987607, -1.1350920831902271e-10, 7.185891996987607, 4.6962473181184095]}], "x1": [{"x": [0.0, 0.0, 0.0], "V": [1.2799992343134807, -1.283194278979217e-13, -2.1871411310730863e-14, -1.283194278979217e-13, 1.2800004416219515, 1.0255065261659824e-10, -2.1871411310730863e-14, 1.0255065261659824e-10, 2.844931436019008e-08]}, {"x": [0.24799999751880003, 2.44475711114551e-14, 2.9573675027412495e-13], "V": [12.551064744895285, 1.8088439165641554e-09, 1.7681693095146308e-09, 1.8088439165641554e-09, 70.2613277729975, 9.713267833990226, 1.7681693095146308e-09, 9.713267833990226, 5.794338541434617]}, {"x": [0.4959999950409334, 1.7969293391947465e-13, 9.907578664226079e-13], "V": [13.239758266158159, 4.328901434259061e-08, 4.191815768481568e-08, 4.328901434259061e-08, 74.04030507455026, 10.214768096462636, 4.191815768481568e-08, 10.214768096462636, 6.199383026598372]}, {"x": [0.7439999925630668, 3.698029820176523e-13, -8.108175197125036e-14], "V": [13.955708198958117, -3.1689777934514023e-10, -3.2812193670693593e-10, -3.1689777934514023e-10, 78.1625600458862, 10.721453644714636, -3.2812193670693593e-10, 10.721453644714636, 6.627828103528316]}, {"x": [0.9919999900852002, 5.198759158230923e-14, -2.211253563535032e-12], "V": [14.78655310189168, 6.853159068897668e-10, 4.425675202579032e-10, 6.853159068897668e-10, 82.7895946322086, 11.355325038605557, 4.425675202579032e-10, 11.355325038605557, 7.06498690459791]}, {"x": [1.24, -8.106463602203912e-13, -5.353533276691604e-12], "V": [15.71847733843272, 4.832274127300058e-10, 1.9634623660197679e-10, 4.832274127300058e-10, 87.95335143219633, 12.003603833077499, 1.9634623660197679e-10, 12.003603833077499, 7.543273497808639]}], "x6": [{"x": [0.0, 0.0, 0.0], "V": [1.280163605969286, 1.4142557490086626e-10, 2.0543892063060508e-10, 1.4142557490086626e-10, 1.279833629065507, 7.796093301199142e-10, 2.0543892063060508e-10, 7.796093301199142e-10, 2.0053138261256054e-07]}, {"x": [0.7924582368704063, -0.05998107815855732, -0.22799185510278416], "V": [3.958788204296897, 3.414078847726568, 1.1048672232576744, 3.414078847726568, 11.761056418405225, 1.6156473112861862, 1.1048672232576744, 1.6156473112861862, 0.6932249418700127]}, {"x": [1.5066029495370177, -0.39994313842930884, -0.6466323009031916], "V": [7.718068474422519, 5.3965699398479625, 1.6473932207847302, 5.3965699398479625, 8.375347113695115, 1.1659096955590715, 1.6473932207847302, 1.1659096955590715, 0.6137942900825165]}, {"x": [2.0448229927180552, -0.982040133177031, -0.9917349781374215], "V": [11.325300578152806, 4.617400028496886, 1.9630845136194806, 4.617400028496886, 5.078145611322022, 0.6498394791353767, 1.9630845136194806, 0.6498394791353767, 0.544851559417331]}, {"x": [2.3745285955242856, -1.7041756032083517, -1.2873975180111725], "V": [13.674721124482215, 2.2583117769717678, 2.1153075339149248, 2.2583117769717678, 3.094677264317731, 0.10707425444535788, 2.1153075339149248, 0.10707425444535788, 0.5251916803890379]}, {"x": [2.49, -2.49, -1.5607963267948965], "V": [20.709524143980527, -0.20756430668511663, 2.8207166657595266, -0.20756430668511663, 3.788857575911139, -0.4798997530748293, 2.8207166657595266, -0.4798997530748293, 0.9037598870442073]}], "x7": [{"x": [0.0, 0.0, 0.0], "V": [1.2798579070925884, 1.8416738199882142e-10, 3.3969605138873477e-10, 1.8416738199882142e-10, 1.280141261393562, -6.08330833330446e-10, 3.3969605138873477e-10, -6.08330833330446e-10, 6.877795812913097e-08]}, {"x": [0.8839814440608544, 0.11578345694042003, 0.3966316252112691], "V": [5.78309612513576, -4.092813605656588, -1.4885917790974221, -4.092813605656588, 8.90793095337989, 1.040401667692652, -1.4885917790974221, 1.040401667692652, 0.6607400337230409]}, {"x": [1.4899869879993404, 0.7452124236052353, 1.214172416251051], "V": [11.895635102840059, -1.350647174187419, -1.8371602399427867, -1.350647174187419, 3.1904483913423967, -0.370283276088249, -1.8371602399427867, -0.370283276088249, 0.6024748705286275]}, {"x": [1.4591934931993833, 1.6215426560511947, 1.9770309797842522], "V": [9.788139322181586, 4.541259264959533, -1.2358911180789043, 4.541259264959533, 5.894685346522335, -1.5249296813019484, -1.2358911180789043, -1.5249296813019484, 0.665902834557308]}, {"x": [0.8672737992040795, 2.2775282590224757, 2.608866071355022], "V": [4.367890711533598, 3.785000587659805, -0.28622293576099733, 3.785000587659805, 12.054087794184799, -2.063886375214751, -0.28622293576099733, -2.063886375214751, 0.5219765746041102]}, {"x": [0.010000000000000023, 2.51, 3.1315926535897933], "V": [16.10938954989237, -1.5760299408412575, 2.8721109378710916, -1.5760299408412575, 82.77068732943671, -10.577463718575647, 2.8721109378710916, -10.577463718575647, 5.430156845912736]}], "x4": [{"x": [0.0, 0.0, 0.0], "V": [1.2799029167758214, 1.988007261176585e-12, 1.0250657007690464e-11, 1.988007261176585e-12, 1.280095752733805, -1.2976473495160104e-10, 1.0250657007690464e-11, -1.2976473495160104e-10, 1.0509755660176277e-07]}, {"x": [0.6663423586863806, -0.029964180467878167, -0.1353252198054763], "V": [3.4238951297246505, 2.660537378071959, 0.8214328736194947, 2.660537378071959, 12.993547588042686, 1.8320178928068926, 0.8214328736194947, 1.8320178928068926, 0.7207801027734737]}, {"x": [1.3053024508388984, -0.213780089808046, -0.4051259567699035], "V": [4.749428009460122, 4.370062031732774, 1.0886127893715092, 4.370062031732774, 11.969432704262514, 1.760922358583747, 1.0886127893715092, 1.760922358583747, 0.6872561842079146]}, {"x": [1.8980049844687314, -0.5203835019373128, -0.5246061574887094], "V": [5.289875666580492, 4.944777647842955, 1.0365467726919397, 4.944777647842955, 11.539323954485639, 1.807666997610133, 1.0365467726919397, 1.807666997610133, 0.6281500489500902]}, {"x": [2.476487128222802, -0.8537994891343345, -0.4964648811701128], "V": [4.698742657108028, 4.288671176386424, 0.7045222111033609, 4.288671176386424, 12.16452468455996, 1.9680141556097719, 0.7045222111033609, 1.9680141556097719, 0.4962309757935051]}, {"x": [3.0852411064850322, -1.1251943094307657, -0.31743243805263205], "V": [3.449062326800234, 2.4897820358170706, 0.12126074495001281, 2.4897820358170706, 13.606057512586414, 2.092389063468658, 0.12126074495001281, 2.092389063468658, 0.6378864524954734]}, {"x": [3.74, -1.24, -0.01000000000000001], "V": [2.8373356884180705, -0.2899880890474995, -0.5390601164035576, -0.2899880890474995, 14.784206229282725, 2.026476266740728, -0.5390601164035576, 2.026476266740728, 0.5205049816075694]}], "x5": [{"x": [0.0, 0.0, 0.0], "V": [1.2801604321832492, -1.4144115644319432e-10, -2.057527544967475e-10, -1.4144115644319432e-10, 1.2798368194019478, 7.843832372852822e-10, -2.057527544967475e-10, 7.843832372852822e-10, 1.9929595341705134e-07]}, {"x": [0.7924582368703913, 0.059981078158559055, 0.2279918551027952], "V": [3.958800954963102, -3.414096036755616, -1.1048880514549693, -3.414096036755616, 11.761103869776631, 1.6156946677204322, -1.1048880514549693, 1.6156946677204322, 0.6927087111741148]}, {"x": [1.5066029495369826, 0.39994313842931783, 0.6466323009032156], "V": [7.718074523127237, -5.3965746283831795, -1.6474000054379196, -5.3965746283831795, 8.37535371065098, 1.1659162272335197, -1.6474000054379196, 1.1659162272335197, 0.6137537044666834]}, {"x": [2.0448229927179797, 0.9820401331770551, 0.9917349781375248], "V": [11.325306820395577, -4.61740252643214, -1.9630871324782673, -4.61740252643214, 5.078148409029801, 0.6498412939144068, -1.9630871324782673, 0.6498412939144068, 0.5448740879444381]}, {"x": [2.3745285955241613, 1.7041756032083866, 1.287397518011072], "V": [13.674728964054664, -2.258313083860178, -2.1153115348544813, -2.258313083860178, 3.0946790326968863, 0.10707472168001347, -2.1153115348544813, 0.10707472168001347, 0.5252381260096002]}, {"x": [2.49, 2.49, 1.5607963267948965], "V": [20.700576269761516, 0.20747400985683373, -2.8195662825551158, 0.20747400985683373, 3.787264019352716, -0.4795955329467417, -2.8195662825551158, -0.4795955329467417, 0.9034885467995019]}]}}