{"mp": {"x8": [{"x": [0.0, 0.0, 0.0], "V": [1.2802744185913137, -1.9410751339266891e-10, -5.368090439496925e-10, -1.9410751339266891e-10, 1.2797238987708595, -5.150040750068909e-10, -5.368090439496925e-10, -5.150040750068909e-10, 1.2435792046021368e-07]}, {"x": [0.4492610233020964, -0.044625283971041034, -0.23986123474137266], "V": [3.390102106833478, 1.4651420500695784, 0.5451331809543943, 1.4651420500695784, 5.388971650341132, 0.681802307387179, 0.5451331809543943, 0.681802307387179, 0.24487930534120797]}, {"x": [1.169981114902151, -0.5583100900759425, -1.0139031381985166], "V": [5.948248959446761, 0.9984190433647081, 0.872045560173298, 0.9984190433647081, 2.955254750672704, 0.08432263231465997, 0.872045560173298, 0.08432263231465997, 0.22758151236105822]}, {"x": [1.3160192433583962, -1.431816885134747, -1.7775631180848128], "V": [5.739431472395606, -1.4629980567016965, 0.7461017069367967, -1.4629980567016965, 3.3370227178813603, -0.5314008475430538, 0.7461017069367967, -0.5314008475430538, 0.23476754127073665]}, {"x": [0.8482113536811834, -2.1887411335193834, -2.463363133654629], "V": [3.4355314023605095, -1.5989162587182375, 0.2764093364800214, -1.5989162587182375, 5.924859381779921, -0.9233025192403654, 0.2764093364800214, -0.9233025192403654, 0.2232403241183096]}, {"x": [0.010000000000000009, -2.4899999999999998, -3.131592653589793], "V": [6.199358938159269, 0.2136501807021291, -0.4604225442895579, 0.2136501807021291, 16.496404258589255, -1.9383129415973994, -0.4604225442895579, -1.9383129415973994, 0.8650376312527306]}], "x2": [{"x": [0.0, 0.0, 0.0], "V": [1.2799984910984832, -8.084915102430035e-14, 3.234755334265104e-14, -8.084915102430035e-14, 1.2800013216961421, 1.003083829132539e-10, 3.234755334265104e-14, 1.003083829132539e-10, 2.0437412034514477e-08]}, {"x": [0.2479999975259091, 7.0004566236431285e-15, 6.774635509820078e-14], "V": [4.359848098115135, -6.309984247236923e-12, -5.866811194113105e-12, -6.309984247236923e-12, 12.303254065090723, 1.5997069367219485, -5.866811194113105e-12, 1.5997069367219485, 0.8682874086396932]}, {"x": [0.7439999925777273, 1.7948916043727812e-13, 8.061662180499391e-13], "V": [4.461800468320172, -9.497412057941441e-12, -2.7768424521062663e-12, -9.497412057941441e-12, 12.56054706554428, 1.6324959350477293, -2.7768424521062663e-12, 1.6324959350477293, 0.8664852590397016]}, {"x": [1.24, 7.140465501419598e-13, 9.840772844117273e-13], "V": [4.561602640883483, -7.348628946712845e-12, -3.5941436689218307e-13, -7.348628946712845e-12, 12.847986842148373, 1.6883945384850534, -3.5941436689218307e-13, 1.6883945384850534, 0.8729036550954016]}], "x3": [{"x": [0.0, 0.0, 0.0], "V": [1.2800128047147463, -8.659365526403317e-12, -1.0512038809826308e-11, -8.659365526403317e-12, 1.2799869515481377, 2.4765476893949224e-11, -1.0512038809826308e-11, 2.4765476893949224e-11, 1.799308359568071e-08]}, {"x": [0.3620099391898269, 0.015137583467744607, 0.10054799318845124], "V": [2.7858586612550598, -0.9588527842802624, -0.31841372926815287, -0.9588527842802624, 6.8483371479864115, 0.9658243574333409, -0.31841372926815287, 0.9658243574333409, 0.3176959412350225]}, {"x": [1.0652867051050698, 0.18418905671374877, 0.3552120442946506], "V": [3.3631086329235167, -1.7481513864700555, -0.4913844788630723, -1.7481513864700555, 6.431860719418421, 0.9206543693477846, -0.4913844788630723, 0.9206543693477846, 0.3218639985629363]}, {"x": [1.7230029055545752, 0.48855978231642827, 0.4864994729467214], "V": [3.6360200049497156, -1.9600402235044199, -0.5178273787111786, -1.9600402235044199, 6.254115737631787, 0.9341746065085184, -0.5178273787111786, 0.9341746065085184, 0.30171589494407414]}, {"x": [2.3624350096272013, 0.830776132689024, 0.47313810361464653], "V": [3.3891822645914096, -1.7256335921212695, -0.3989637876249311, -1.7256335921212695, 6.547375638265441, 0.9987184040574819, -0.3989637876249311, 0.9987184040574819, 0.2664166862012711]}, {"x": [3.0280943736962307, 1.1166876623899162, 0.3120720518401076], "V": [2.9124777150577907, -0.9231082826715106, -0.12464666331297156, -0.9231082826715106, 7.306106698823523, 1.0883176663181897, -0.12464666331297156, 1.0883176663181897, 0.27250967778663715]}, {"x": [3.74, 1.24, 0.010000000000000007], "V": [2.7623378776906393, 0.0618142371133396, 0.16290094396460564, 0.0618142371133396, 7.64377154602379, 1.0735316820810898, 0.16290094396460564, 1.0735316820810898, 0.2662245361583261]}], "x0": [{"x": [0.0, 0.0, 0.0], "V": [1.2799999831067281, -1.2204360204902527e-13, -8.239324859943999e-15, -1.2204360204902527e-13, 1.279999741966181, 1.318485610227935e-10, -8.239324859943999e-15, 1.318485610227935e-10, 2.676825925642022e-08]}, {"x": [0.2376190452480898, -3.515853317975252e-14, -3.5510823445699506e-13], "V": [3.712446095457856, -4.6906952198023445e-07, -6.222461313911272e-07, -4.6906952198023445e-07, 10.540606121526338, 1.4589189648441365, -6.222461313911272e-07, 1.4589189648441365, 0.6400317638587341]}, {"x": [0.7128571357442693, -2.700736456992254e-13, -2.4005226521188025e-13], "V": [3.778533386950275, 1.4308709107920108e-06, 1.3672451819097954e-06, 1.4308709107920108e-06, 10.684043667942984, 1.4687625442773435, 1.3672451819097954e-06, 1.4687625442773435, 0.6218769723886773]}, {"x": [1.188095226240449, -1.0854876492539099e-13, 8.520322606242305e-13], "V": [3.8431008703102143, 8.917662132753994e-07, 8.516217619270937e-07, 8.917662132753994e-07, 10.875589109887217, 1.5053532768474696, 8.516217619270937e-07, 1.5053532768474696, 0.6111202092495478]}, {"x": [1.6633333167366284, 1.5527576887623511e-13, -4.830052957585822e-13], "V": [3.910634134416574, -2.112245782151371e-07, -2.023165872964468e-07, -2.112245782151371e-07, 11.064866127564148, 1.5358608711278607, -2.023165872964468e-07, 1.5358608711278607, 0.628918388024648]}, {"x": [2.1385714072328077, -7.41066174553188e-13, -2.9128564888283416e-12], "V": [3.9777140719972977, -2.5024103599709682e-06, -2.392437888111903e-06, -2.5024103599709682e-06, 11.258506842694047, 1.567102123381045, -2.392437888111903e-06, 1.567102123381045, 0.6303586951452379]}, {"x": [2.613809497728987, -2.723028669031627e-12, -6.035226203590769e-12], "V": [4.047004197271417, -1.8354600291657735e-06, -1.7580114949580541e-06, -1.8354600291657735e-06, 11.458543511009264, 1.5988815105066116, -1.7580114949580541e-06, 1.5988815105066116, 0.6308341187723794]}, {"x": [3.0890475882251667, -6.958171499505463e-12, -1.2192495147724872e-11], "V": [4.118091300014964, 2.179413969718153e-06, 2.095615055026445e-06, 2.179413969718153e-06, 11.66186028216545, 1.6306981369003017, 2.095615055026445e-06, 1.6306981369003017, 0.6394423689909641]}, {"x": [3.5642856787213457, -1.3913230110616007e-11, -1.583434208868797e-11], "V": [4.1915954445879775, 1.3227754372319865e-06, 1.2733256753836261e-06, 1.3227754372319865e-06, 11.870424954357217, 1.6634337413244416, 1.2733256753836261e-06, 1.6634337413244416, 0.6462048391297176]}, {"x": [4.039523769217525, -2.1626871591539824e-11, -1.7068144014466714e-11], "V": [4.265336601013892, -1.0417911330611582e-10, -1.9680485022033124e-10, -1.0417911330611582e-10, 12.08333512898516, 1.694861607345492, -1.9680485022033124e-10, 1.694861607345492, 0.6328017752767275]}, {"x": [4.514761859713705, -3.0013425462204216e-11, -1.7527582581986695e-11], "V": [4.342193503649234, 3.2950655221592036e-10, 2.0864801102773975e-10, 3.2950655221592036e-10, 12.30044979711556, 1.7259728003950303, 2.0864801102773975e-10, 1.7259728003950303, 0.6660134311236597]}, {"x": [4.99, -3.834556350530223e-11, -1.836036345234555e-11], "V": [4.411791157887505, 1.506407591185348e-10, 3.668074321791935e-11, 1.506407591185348e-10, 12.490289974526393, 1.7370392696728256, 3.668074321791935e-11, 1.7370392696728256, 0.7115209611819344]}], "x1": [{"x": [0.0, 0.0, 0.0], "V": [1.2799982069067446, -1.7209803546378926e-14, 1.6360778455976438e-14, -1.7209803546378926e-14, 1.2800014280700587, 1.8882537975911214e-10, 1.6360778455976438e-14, 1.8882537975911214e-10, 3.872056403237817e-08]}, {"x": [0.19153845962844734, 5.938259593191604e-14, 7.440710889763998e-13], "V": [3.791322473991462, 3.3772404372949635e-08, 3.212844839200843e-08, 3.3772404372949635e-08, 10.687826316198919, 1.4311514177469704, 3.212844839200843e-08, 1.4311514177469704, 0.6648345991186803]}, {"x": [0.574615378885342, 6.171472937470943e-13, 1.763788022259422e-12], "V": [3.8655612289932457, -3.3464166301414955e-08, -3.231826806523992e-08, -3.3464166301414955e-08, 10.910013928644956, 1.455545237039413, -3.231826806523992e-08, 1.455545237039413, 0.6665400215008]}, {"x": [0.9576922981422366, 1.2287055153807491e-12, 1.358125077660943e-12], "V": [3.9343766213852707, 1.164137887805468e-09, 1.1166925941734868e-09, 1.164137887805468e-09, 11.100729049312001, 1.5001467342235089, 1.1166925941734868e-09, 1.5001467342235089, 0.6849482569237242]}, {"x": [1.3407692173991312, 2.0321156181312933e-12, 3.884789016749873e-12], "V": [4.006813345867601, -6.084399481503252e-11, -3.040990596061988e-11, -6.084399481503252e-11, 11.315087471933566, 1.5330004452441481, -3.040990596061988e-11, 1.5330004452441481, 0.690468347322542]}, {"x": [1.7238461366560258, 3.91739857484796e-12, 4.158749049089069e-12], "V": [4.078471016646031, 4.119497211585804e-11, 4.381662611932849e-11, 4.119497211585804e-11, 11.51550320310404, 1.5647767589328405, 4.381662611932849e-11, 1.5647767589328405, 0.7065731122149268]}, {"x": [2.1069230559129206, 4.476858132328066e-12, -1.3742111158264292e-12], "V": [4.152029179883621, -2.4139520922934387e-10, -2.5134022470325077e-10, -2.4139520922934387e-10, 11.72786098021864, 1.5973641241055119, -2.5134022470325077e-10, 1.5973641241055119, 0.7123216149645808]}, {"x": [2.49, 3.2063701311308675e-12, -4.230199684573239e-12], "V": [4.226876514471274, 3.233568000002568e-11, 6.93206561567933e-12, 3.233568000002568e-11, 11.94556351354744, 1.6298306175704476, 6.93206561567933e-12, 1.6298306175704476, 0.7008427017904753]}], "x6": [{"x": [0.0, 0.0, 0.0], "V": [1.2799453763439272, 1.0058445279240777e-12, 7.188388193447274e-12, 1.0058445279240777e-12, 1.2800540613143319, -2.9295588833811414e-13, 7.188388193447274e-12, -2.9295588833811414e-13, 4.328624803039915e-08]}, {"x": [0.5588964736013715, -0.04187185914823919, -0.18013493568597438], "V": [3.039529434174275, 1.3151753688012342, 0.4288614441838701, 1.3151753688012342, 6.431367460272528, 0.898816877373635, 0.4288614441838701, 0.898816877373635, 0.30246696024855274]}, {"x": [1.5644153419606903, -0.516433548194989, -0.6908927024361556], "V": [4.975479670711956, 2.2014705002182504, 0.8155576915667491, 2.2014705002182504, 4.643945490545388, 0.615572386209777, 0.8155576915667491, 0.615572386209777, 0.29794486405389786]}, {"x": [2.2408379452375837, -1.4025886323932881, -1.1353327266745237], "V": [6.719447151709437, 1.349727285043761, 1.0250745625690076, 1.349727285043761, 3.0638550408353313, 0.2390214708687166, 1.0250745625690076, 0.2390214708687166, 0.2569284598403465]}, {"x": [2.49, -2.4900000000000007, -1.5607963267948963], "V": [8.125838394603658, -0.042419393955715604, 1.1619685833670141, -0.042419393955715604, 2.9085711802562373, -0.13649649072939757, 1.1619685833670141, -0.13649649072939757, 0.30224001538693446]}], "x7": [{"x": [0.0, 0.0, 0.0], "V": [1.280219504192154, 5.151955906741443e-11, 1.9390056008347773e-10, 5.151955906741443e-11, 1.279778820665546, -1.919744462270329e-10, 1.9390056008347773e-10, -1.919744462270329e-10, 1.2383158127940913e-07]}, {"x": [0.44926102330216666, 0.04462528397101164, 0.23986123474117418], "V": [3.3669709458536934, -1.4551460727276138, -0.541438942865756, -1.4551460727276138, 5.352203377706952, 0.6771791592104934, -0.541438942865756, 0.6771791592104934, 0.24318409473399777]}, {"x": [1.169981114902453, 0.5583100900757892, 1.0139031381984407], "V": [5.907215017558618, -0.9915280170655465, -0.8657712949661527, -0.9915280170655465, 2.934872136699658, 0.08372477190421046, -0.8657712949661527, 0.08372477190421046, 0.2280413861444869]}, {"x": [1.3160192433586129, 1.4318168851347255, 1.7775631180848763], "V": [5.69947312558735, 1.45281459201445, -0.740734146264339, 1.45281459201445, 3.313787642971311, -0.5276816328378869, -0.740734146264339, -0.5276816328378869, 0.23101525716433638]}, {"x": [0.8482113536813556, 2.18874113351948, 2.463363133654718], "V": [3.4113639858147073, 1.58766857777983, -0.27446812489918565, 1.58766857777983, 5.883180752582167, -0.9168142980208152, -0.27446812489918565, -0.9168142980208152, 0.22160281402692383]}, {"x": [0.010000000000000002, 2.49, 3.1315926535897933], "V": [5.115549611088027, -0.1763403054320346, 0.383336667651247, -0.1763403054320346, 13.621255828934398, -1.5818362090864555, 0.383336667651247, -1.5818362090864555, 0.6816334035880791]}], "x4": [{"x": [0.0, 0.0, 0.0], "V": [1.2799503250071025, 7.998560901893508e-12, -6.91155616143819e-12, 7.998560901893508e-12, 1.2800480767835447, -4.984436635105852e-11, -6.91155616143819e-12, -4.984436635105852e-11, 1.1969454003203345e-07]}, {"x": [0.3076641313127466, -0.008366612689456068, -0.07108639031750397], "V": [2.8007999789963995, 0.9178950141295403, 0.3168747545643011, 0.9178950141295403, 7.440727393085173, 1.0613910186439706, 0.3168747545643011, 1.0613910186439706, 0.4655235348142159]}, {"x": [1.0160587469588662, -0.15973947634968938, -0.33360081771322686], "V": [3.310713106557894, 1.6100003072416884, 0.46529173364507365, 1.6100003072416884, 6.541387700078257, 0.9443158995424236, 0.46529173364507365, 0.9443158995424236, 0.31506540574027303]}, {"x": [1.6897947256619092, -0.46197915816879004, -0.48612430849555216], "V": [3.5756106290152974, 1.904408897936943, 0.5046203434383357, 1.904408897936943, 6.374574023174892, 0.949372651716987, 0.5046203434383357, 0.949372651716987, 0.3033863497686671]}, {"x": [2.339366868711277, -0.8151155884532878, -0.4830924614102064], "V": [3.4081065134828026, 1.6676935666566441, 0.3863973441925052, 1.6676935666566441, 6.616088904950684, 1.0043751144802306, 0.3863973441925052, 1.0043751144802306, 0.25829637349535345]}, {"x": [3.015232074006586, -1.1118848876267737, -0.3176560515657245], "V": [3.0849837473610418, 0.9990863921206867, 0.1436871951759989, 0.9990863921206867, 7.485150080893717, 1.1116326898061868, 0.1436871951759989, 1.1116326898061868, 0.27120802913416814]}, {"x": [3.7399999999999998, -1.24, -0.010000000000000004], "V": [2.8611925058189405, -0.06458955091102409, -0.1694971800639791, -0.06458955091102409, 7.915036189673625, 1.1111212728215165, -0.1694971800639791, 1.1111212728215165, 0.2816985036432709]}], "x5": [{"x": [0.0, 0.0, 0.0], "V": [1.2799453245715355, -1.192181737285214e-12, -6.966411109082251e-12, -1.192181737285214e-12, 1.280054116218766, -3.121939238740878e-13, -6.966411109082251e-12, -3.121939238740878e-13, 4.304827400324152e-08]}, {"x": [0.5588964736013727, 0.04187185914823856, 0.18013493568597128], "V": [3.039529215281889, -1.3151750791197439, -0.42886026331693494, -1.3151750791197439, 6.4313667147033735, 0.8988144234381837, -0.42886026331693494, 0.8988144234381837, 0.30250025950428905]}, {"x": [1.5644153419606968, 0.5164335481949838, 0.6908927024361496], "V": [4.975480071127911, -2.201470674754913, -0.81555777017788, -2.201470674754913, 4.643945864511544, 0.6155724684857072, -0.81555777017788, 0.6155724684857072, 0.2979525773971334]}, {"x": [2.240837945237592, 1.4025886323932835, 1.1353327266745306], "V": [6.719447695293466, -1.3497274166279944, -1.0250745148745497, -1.3497274166279944, 3.063855304495945, 0.2390209510120154, -1.0250745148745497, 0.2390209510120154, 0.25692915536634453]}, {"x": [2.49, 2.49, 1.5607963267948965], "V": [8.125870438428981, 0.04241956188298614, -1.161973509149218, 0.04241956188298614, 2.9085826488790607, -0.13649681926939877, -1.161973509149218, -0.13649681926939877, 0.30224663568107163]}]}}